112.33763349288245 82.19721546677339 28.093727290268937 71.23274636871733
109.29173701652402 81.01235717199188 65.01635334117033 33.97875165074131
116.43119420233378 36.697197258345 80.33525578995778 75.8668924757416
100.30707436240691 72.26274166737014 26.909713454954414 64.15194974147396
111.47105184486705 78.64879178229876 69.93442296018532 36.73335590184429
103.0721723157242 72.63155655585612 63.431986712272575 36.399351091604544
108.11244328326298 81.60360593585527 26.424684077805395 65.80948231319388
110.90096059762804 88.49490962311961 57.365398274333955 34.30575918267343
107.84145307306325 85.59442367406605 26.383285013419233 60.06076846590353
96.09270205190691 35.75708405100448 85.24554268764294 26.23805975477612
120.29519985152662 21.56368917570991 85.30636773084804 82.02905607784007
100.32227410425656 75.33372400434233 29.27407438401344 59.434142359812114
119.08012362869701 18.279938968988155 82.74776962516805 83.6583904744524
122.9993944419629 92.55621927326416 74.47562453107177 31.868144872832474
100.6494827282306 74.92419590322294 33.51662988587586 58.25219963923314
112.23632460158655 24.913829699488225 70.25381259519577 83.90885212906151
112.88004827603888 27.783122357199524 71.69033109867736 82.64683803901853
111.97673656239351 83.19775230534017 54.07723690691226 51.89003749291983
103.63176001213041 67.68595276165256 35.960426024965464 69.74956087361494
110.908821711054 18.46900412187553 73.73124977148011 80.7673537217614
109.20481889301523 87.66155074440437 17.408802607784033 62.75411207487273
103.16604834322023 68.66596922190723 28.633399140961203 71.47269867023451
101.42223377732712 77.12964553874595 59.829219370788046 27.530924302179233
107.96831303891159 87.88058473522139 36.506878846428165 51.00399243153615
97.40047859352082 23.7766637903879 87.50583620832838 35.55632318908931
105.7119688801925 77.69744202692604 32.5548760602432 63.86163098215906
123.16701104759817 32.19422141950979 75.46210059221451 91.86466182271202
103.35929121057224 77.67165654181962 59.737689710656504 32.888680083500006
102.54928181013811 66.15482886306688 70.9557184068989 33.2442452649226
114.81670005068187 88.04696350580522 68.75432464264891 26.522625640552555
94.20137805250658 42.27036294699921 79.28488716919108 28.302344600560303
109.38236123422386 48.9800403527139 90.23116591794667 37.73318557064508
111.95058938538718 83.87773895836212 38.92528368141109 63.10532197279481
94.56673108836229 28.86562941565649 83.12169446719679 34.647164040922604
96.1503754516727 37.01614349714207 80.20531713622778 37.97113276126667
102.11238480611195 78.30224831605955 29.856947231842618 58.34603449624146
124.49586813516638 35.62538930826923 78.99186812695237 89.38868826186655
107.53806916405794 82.68757995259807 34.42756420781804 59.51422740683926
118.77249483515821 23.80812006081267 80.7033940099993 83.82744862993518
107.13852934670308 77.28311925595244 64.82678850590449 36.10362088011834
118.6932341371225 27.758906662035656 87.57287588157249 75.15662539449782
123.44202588857192 83.43656051852756 83.2960761206275 36.579199379149586
121.0086363724521 44.6796997259156 74.49124009592143 84.24885552987735
112.94832108295877 39.15182611215461 78.4414334417709 71.21375756932773
117.34290313519232 23.060217499862368 79.09618141543636 83.55463703799178
93.23383196675667 35.72912000008338 82.67269590049146 24.108147165842546
111.21859532742155 81.34172581314164 66.7569368516725 36.00848470189011
124.08686830976973 22.171691767916954 88.76168795395819 83.82916987921789
101.7612059809377 53.67949217421928 83.22109262022381 23.411640389107564
93.09553572900404 32.69642056153368 84.63506306658572 20.84775659030593
100.93799008328227 78.7907159455904 62.293666795542514 10.0
110.73421648277548 25.50085479878726 65.71529629583551 85.40066122306021
93.97904704070072 37.47791700615366 84.91954593230362 14.70162365895257
104.09975122935495 80.3617688018617 59.62183987932854 28.705061059914616
100.92968046562918 72.31348332132008 28.725512748009706 64.28378836219207
118.08634293588335 81.3834283336697 45.88442708867288 72.22008952759447
101.43181963929024 73.10676618624623 39.97075836359485 57.84594410126038
113.85205930090706 86.65871677269975 67.76504004512711 29.33355692800625
106.13408647961292 82.32512822564689 33.812512212735555 57.82500837316291
119.66987216447777 43.061616671005396 73.11081468276836 84.38829450796918
128.3606909690219 26.81690663924251 95.50541877366179 81.4618652451218
105.85829842171648 84.32033800850094 28.840910897884875 57.13371860340966
97.25414669941557 72.24807729349061 55.832446872942434 33.48615017892188
110.57932602372756 87.82848159769566 36.64366461421045 56.313293348429966
121.21960513195776 85.3546308744372 36.9121226251505 77.7577961360929
118.75103036368117 25.632857339827197 80.08808914470696 83.84904182029432
109.80357836954694 88.91765856205872 31.73905862018701 56.063428155105846
108.66438221041112 41.837015350719 93.69656380996169 35.75704179486601
84.33171600253905 26.273889886560937 77.39117999549283 20.787647607822368
98.11471875571303 39.91511522489035 83.39253658596948 32.84762479775571
105.08296771552345 66.51294561591993 69.2083182995949 42.762914394804525
114.9114096869412 94.04274791276684 51.7280685930126 41.046322136001606
98.73717795841057 32.503063048866764 88.5274030354804 29.24859168277759
117.81206627154994 26.57407710553224 72.41130847114714 89.05113020426903
125.49369974740125 27.56511658716895 80.6997759862229 92.06725356824825
92.84685182900148 40.33066596878437 80.06530972822551 24.156188755559302
124.67621515283138 36.51416767109362 86.79537267124384 81.71558888597855
94.74141407196983 37.19234403268918 81.65957612049813 30.403597049216113
95.42811237112718 69.45738684360859 53.83610411128416 37.20040238616726
99.27167055737746 70.97054868790926 60.8420640783424 33.41091188334229
107.45200599073627 77.65492905519767 67.49059338200924 30.994602591575998
109.71068160702659 76.52217587290588 71.55388923553585 32.570403645381674
95.20399873368746 41.57492933284831 80.6300284016697 28.881224797410646
110.50235049833786 85.11304432962888 40.167218047558016 57.90624961884572
105.1473499324694 80.94886440322625 33.62447451884806 58.07444586890692
109.22485091031804 35.17825245615832 98.16227709842462 32.507321719331074
115.82454334191932 91.04167556669171 26.244733305804836 66.61795646881234
126.78106711512729 31.87119442778137 71.11726896188412 100.0
90.49276994541627 68.4139673240505 27.39286657104276 52.51762892971114
112.67357954440209 77.87323957504927 71.80848740729195 38.40097943689037
112.35946132258674 81.03692192457443 73.3933849259333 25.905151665374962
89.37372282604031 30.852948723910256 81.5403552146498 19.670494612347113
107.17644493278911 82.21632935839223 42.264541181016554 54.23074860281485
105.54654201375209 86.037118416219 23.98134646085147 56.23683674975729
108.64254032656775 78.72014707395302 67.6991366660365 31.986980287898703
118.28967310898702 19.33123115154101 82.60236201600459 82.43542961478164
105.4274053490437 71.50494289916755 29.932034626717787 71.45665989061708
109.7802461131047 83.69312483977355 65.80185284177433 26.78207336629096
102.40314737812005 78.888993984993 21.710623699572096 61.57580725866525
94.74181707796498 25.41777459996168 88.61731977246903 21.83848149400707
108.31955055118175 80.76843435107729 34.37792014212212 63.46450701602913
90.82434723984564 68.02913879047915 54.436836586053616 25.64623070692991
132.47181205483813 31.094616237857853 85.17564368832137 96.57647514997024
108.92482793447877 83.93792955272417 62.74069437603554 29.709382224654608
99.62878918077774 78.83550214519822 21.26562674567512 57.084431802864884
124.80462927597122 25.40304234540433 88.63924838536671 84.10686401232347
88.53730223733433 21.416997511435397 83.43764443552212 20.453009463441823
109.30031963715128 33.001276981625516 96.27899305132125 39.84759826374866
107.85897678667804 85.97890525248388 29.603009392697928 58.00731471072757
118.21993563302735 82.13110817470367 77.71162051842177 34.515768678577366
105.53391567348247 78.31806238967522 34.68757586395597 61.647875402052165
113.80800264195638 86.72624465686295 37.62222723399765 63.36708902121782
121.13940437027101 15.30746956954112 84.15291471246368 85.78300304814714
119.90472903148381 21.18598993249097 75.57831807500516 90.64334344918714
104.19560760767114 47.730366392719674 89.12726785500513 25.196565112147336
114.74732686172914 81.92579742551297 72.46674837875972 34.69413664462402
97.24268914594848 30.591278431358603 91.25088910983891 13.913644847218983
91.602256673788 34.18820534182089 77.1565559798766 35.623109248915924
133.04699876415208 20.033525978359577 94.80545178680933 91.17065332946588
108.41008416350232 88.08189963745241 51.48173970810498 36.6600024716631
109.3813955628647 83.6096484727639 35.61968796741165 60.86833500799048
87.5972239106512 32.15890410693487 79.57023992524287 17.54010951314202
117.05293842570333 90.91586844604534 61.46833823134044 40.71042438823754
123.25631572899947 100.0 38.1659826498223 61.118549847491195
109.4529800400011 78.07095446839803 68.01314330663119 35.48370394394938
115.36870327950182 83.60123509058837 67.19963404776252 42.48506056920135
108.88089761774597 24.365770818584217 82.45574018542271 66.80127236016075
118.41759320177322 85.90917905011047 71.5237406224752 39.07293004121392
117.32331048495448 26.558918914084686 76.20170025129228 85.16269070476993
99.64180010481526 29.152276958001803 92.43129879628819 23.131970930364144
112.10718522238855 37.633122119228375 71.2861890443192 77.9105150129542
130.3057446421105 18.550487070488607 81.7492186106937 99.76237653907187
115.5475002812602 18.618826208841227 78.63098549658547 82.59377852894586
88.62548380375301 28.98083923634055 76.48613788724872 34.12415636612059
119.13548809212958 33.33813933070679 72.1628355779021 88.73758025928471
103.66557364739879 79.19924960175001 62.06569703805037 24.937507360297868
101.46058581975741 25.431027521412375 92.66032345562722 32.581862610846336
98.04844431635138 75.73785469603457 55.11459341213867 28.97682508339468
120.75775561613536 79.5837085245138 81.97229974745943 39.10768406648705
100.06213853693863 42.70010040180331 86.1347801526486 27.747660123266392
113.95014947804833 79.9220870989038 76.27050704591895 27.926802802741722
119.88501894215229 29.080055645406006 87.65017153865708 76.44746928227441
125.47981210657255 28.959251352833626 90.5977008308968 81.84498525590604
122.33298038927357 25.75115566532037 77.43976816856919 91.13351951297113
112.68037873466686 85.33550142954867 60.79307252757652 41.45988760491615
125.02772012601817 32.305807829536924 88.23249889190063 82.48206907978069
112.08225826889279 19.396498539795807 83.07927421015711 72.69142081266543
89.91723652810563 21.073411172383523 80.5153523976676 34.033789014600735
99.47927289237111 29.864464440426953 86.8644614911953 38.194303616193395
111.76945700023624 35.84286754457143 94.45967418770006 47.80240910941117
96.18688597647885 66.14032088747979 24.864715556584144 65.26194072385152
117.27622046946883 87.31617237152548 66.59446093296914 41.167653601301524
123.0010567718785 89.37355762089116 76.16407246440251 36.615041046288184
113.69987159884323 88.57059478683473 10.0 70.58973396110629
90.78448124295623 38.34956925094825 79.02174780021281 22.949857241799084
104.5008711459882 47.3184074797548 88.41858206396927 29.38630173477848
102.25972009551575 18.397532485526888 67.81445072084401 74.29523151513446
100.19286330386534 74.8203038399301 29.9977723654768 59.50349269947625
109.77604804187382 83.62998431955504 49.37000116807791 51.18016638373458
112.75289008752638 37.57137298765094 99.93189558799219 36.26599507945762
114.83103222522877 90.89269792171471 62.69026755389947 31.537498005452917
102.90050283161641 34.88337052612374 92.65243330905739 28.056916182063393
112.12070127039883 90.03672827567762 26.49162099599377 61.34030674672591
115.11326770077545 80.8628327361103 73.90828991084776 35.35295412120915
97.2305566549283 79.39943371780548 31.059129701559804 46.74228850731125
108.5133566051823 34.22185321119715 98.51792208288461 29.970524736570997
99.99267861769212 68.4657592556123 70.78915422676708 17.316790422956196
95.60549302854933 29.597651818979646 86.51580929678032 27.917808756376004
130.41267492359327 99.9233712580498 39.65652737533583 73.82510070214602
114.10276404856569 84.25196182480288 69.51402020905232 32.997707292629876
90.21625322282003 30.991529933793537 81.52329840799382 23.074861529551097
110.01571484476352 70.69544376684392 79.20283739321997 28.853462396677564
107.75990782220663 77.9595000914318 37.185327931631775 64.43419484995152
100.77711822591492 78.08925628813437 57.761763419956466 26.863996294354273
114.08654893377981 80.48439019172139 74.65337090651408 31.0624821188023
88.77194917240493 28.222725410148644 80.07095388458276 25.934129526637577
91.89623776319725 13.872103334989177 85.79431176901805 29.86334428984794
115.23683580502335 29.109168910774713 68.5474100804171 87.9399635145764
128.22877085583832 26.584413132028303 87.10710351348992 90.26759757030696
124.42690387630219 32.127058424830004 84.24785823750764 85.744999315429
98.15507292805509 41.801966846593075 82.68238620674984 32.41352989765248
104.31567868521638 20.934931101097924 69.51866877536897 74.90423333196951
78.86877434264717 23.69870337840767 71.37981840176806 23.739767257162885
88.05302605097606 33.64095584457378 76.4824053367395 27.786024553792974
98.24235010244979 82.41515337624884 23.364531463843328 48.097822373749636
111.85279263889892 88.37988535328299 28.050715523109695 62.5555788455566
92.07836357762756 31.52658231378332 78.05690987263664 37.30440279485916
102.18347261105163 72.32759171437577 64.63513449186935 32.13224145418525
90.32041520494708 22.134723239049357 79.43442634844612 36.85109687130101
109.3223197288053 79.4128773691639 67.4338402690929 33.13067589711588
104.83748617815696 73.22324709004104 67.45925319582142 32.840580871965486
114.38196247684321 25.79706271383511 75.78113231869625 81.7004582599674
103.24357847974794 78.07091764445697 59.2658248305635 32.43039195892105
117.59284289622774 94.19175456855572 36.36221952527092 60.280834955314496
109.7509063240353 81.9330924375277 41.63906853774511 59.98681333326249
103.01903911859398 79.52137921164199 23.731528922163037 61.04168415282437
114.10421502560554 88.96028565364911 67.38489226580309 23.772163497605504
113.21872983006946 23.254887915934873 76.27543515330123 80.37256350600063
109.15148658212689 79.46734564471748 73.14829665841435 15.758004164355249
100.69735096129146 32.04752300303108 88.49357970553844 35.802222150185216
104.75418012123079 34.087402877452796 96.04512794840969 24.2243805971402
114.36632612520295 24.63510280733525 77.2011496862125 80.70161552394916
115.21243620227935 22.916904592372255 70.64411535818765 88.0802469616626
120.15335971645283 18.375845839964803 71.91929909054146 94.48159905051565
101.80423261109635 19.78626517240118 70.84116699604004 70.38561320824593
108.81961881677779 74.78070301798566 70.41592564596843 35.93262182176654
112.05442782603492 84.1758814605924 63.72886980486946 37.53993778825912
83.75199239954159 32.34603639069518 74.65916575653932 19.852937546929475
113.49634671026715 26.980597618517685 74.13616647707123 81.59225998101037
99.50637456333583 71.74863141232579 58.95490957471054 35.74872174266943
120.37414123564572 29.545893675666676 80.482112165405 84.49617545499058
96.60180755266181 37.36328628583243 84.64122431016847 27.78051849120494
106.57792866702522 82.20059344667854 40.227880444328946 54.62265968372616
100.85672552822668 78.39125105377477 24.745287607525853 58.434250091200234
131.60823580242808 22.520282560434808 88.37313366161668 94.88811227573098
100.70128395750577 76.98698319115985 39.096335189968286 51.81920092521621
103.48568661743226 69.7798545805478 67.45662856432006 35.91187118675886
93.44613525815915 65.58725765967664 18.934816364600486 63.811946817255304
125.87896554293795 90.88216687467474 49.35319018082584 71.76495195636355
111.59369560216939 50.439100518988155 91.71773394853285 38.689886486408724
111.9043635974419 82.50298080639489 61.900921288311615 43.40645912610664
124.86278486246995 17.94732882104619 85.68540580383112 89.03156554859339
106.94331486618506 23.70152763492765 71.5527923519381 75.8637468688384
99.971806574326 66.50788903324553 67.83408672176998 31.138392455284848
91.20979783132535 32.66421503101183 79.5428087109554 30.4173940240025
101.74890696039994 40.46554341042469 89.53748296688042 26.42761828259889
118.33467599329344 83.45830708921494 28.132284310178278 79.03405025513581
110.31499126874947 80.70790938955034 34.866118002317194 66.63320850777708
108.66278005263877 85.63507534279834 62.50063145801124 23.830751292211843
118.46898845348719 35.0350981649235 82.82953826614254 77.11491887037349
128.6506073142354 35.26402027991622 81.84904140771134 92.78018137866516
128.1281429843675 25.541713649347017 85.20738751690146 92.21791041344342
105.7876963482779 78.29973973949612 30.653971457979743 64.19128826605667
112.01611061009693 80.90587901246137 69.99104107679034 33.212978584003565
108.04889862791356 80.66547770835567 26.086281437303292 66.98620097872188
110.66547516527086 81.98553179549043 20.351890550058833 71.49140172639109
120.20361385181914 21.5026306909499 84.53379937030542 82.70781353915008
117.5292416768139 34.01350719793487 77.94197498744794 81.12491918195667
92.85834629856882 30.489495797402874 82.44575780365639 29.929252304491527
102.75354144850593 32.80100087245859 91.73019661506095 32.67959074004841
102.95005868280941 77.49204320064335 61.04128361360356 29.456060805666798
97.20588181465094 40.23389603707801 83.16998768633887 30.21539702363223
106.69400645609946 17.070466734937597 83.14973323835028 64.64001888533735
119.24100805238422 10.0 81.42554966741037 86.5349516825938
102.8277509123211 31.526284103075422 94.21800054803286 26.50675651733735
103.92492867553241 80.01652684183445 28.643044008279354 59.81072029598254
112.02303913967576 77.36876587446207 34.26525687441416 73.41067726483942
124.32247398370191 31.154820329219564 83.69655787963195 86.48896407509865
112.37096533305116 12.272649791873981 77.08807142098843 80.83344086181405
111.89427064830164 47.362617049284054 94.99204824711643 35.40651183011045
106.38560463908047 85.71049007073117 58.616083581918126 23.146565874345626
116.98939319042425 96.77613835774153 44.145695093293554 48.70374491101181
99.50086527187169 65.45609376989248 39.54101005687838 63.65870326923137
122.7614243246974 29.634145160201435 87.49904462718517 80.84616213638328
103.99113318927678 77.09624517241627 59.17314913981887 36.99815107787598
91.80139975929907 40.127278151581535 75.04397709485214 34.43399552331314
124.13185792949164 26.912193533112912 71.91677087912106 97.53168745891654
122.16353716172372 94.35246642514453 68.08565662057505 37.227479822047776
113.46931889690042 29.857184573361604 80.70226272156584 73.96607095079516
113.11455123665868 82.62006401760985 68.14495858881119 36.40180410537289
103.1808347940187 38.6957883672551 92.98082402946144 22.43851586512595
96.21320570143385 25.228186241230013 89.67702703591102 24.053074487988436
94.43920409640937 39.8191243212641 78.99074766626585 33.07056684992404
94.8597482304407 37.37541523330107 79.52536282970149 35.73747105329721
103.36580413732929 73.24524049254775 35.809774315557725 63.53962758479457
116.46468134828866 90.08543040290256 35.22623528100781 64.86716872663165
97.54029092348794 34.26352977999619 85.50962003774069 32.06592835791902
107.52959607371324 74.54577433440703 72.11481897054034 28.37242403295461
104.07714196782283 38.73251990030553 91.30951639911537 31.534355825392506
96.61565742500868 38.20564473832927 82.18904548006142 33.464530070981134
107.25206384285943 77.35370279940685 71.34455267095103 20.721116426383187
112.82816095780287 25.2664818136495 69.99051421536072 84.81230289144247
101.97319505273498 75.54201161292633 58.79491620947286 35.143915812793296
107.3522380153702 82.07501290882863 33.30299746321554 60.6556314194269
115.61233359804649 85.46909197106385 35.89466830520303 69.08559028398956
104.8691003597149 11.95371316873183 70.19652513095808 76.9875627051176
106.78021872266469 28.188302483661477 100.0 24.64619064986946
115.21786922666338 91.73487711619632 35.10192877280366 60.230592775083046
108.31794948294946 81.18652472614068 30.27312164955353 65.00049606482918
108.67669497032976 57.06233185017413 85.46835913469968 35.350727012562274
102.59711873589349 72.3666045608058 60.4079295454616 40.498461270491944
116.65885018655344 90.62112217158062 24.560029999226842 69.2380276267981
117.64110453039888 86.918153183752 71.95681784384632 33.269813465746644
89.72220630589972 63.08939242161564 22.891462292822524 59.546484550862466
95.99223528026928 34.84688145996938 85.1321189957284 27.43585978085173
117.37911488823687 28.87485344633673 77.4399581177055 83.34957910587494
108.05012966241077 17.790994210722296 71.21514081776084 79.28880604072886
106.54838952090411 26.476982566911246 67.04924166834397 78.45972148401874
122.198771148077 26.750344100979284 82.37804919741792 86.20217961865636
125.42124856338265 97.63302794718379 68.29570434989773 39.16603391222556
101.02860163193982 37.02793889001841 89.5239745713046 28.65603018944985
113.32056970490403 84.78023483708962 29.975423092506823 68.95895380323833
111.61966747284944 78.07556741930888 40.606817409530656 68.66034021741717
106.43767364232617 25.32985232452848 72.31761072452215 73.8751658590652
98.71768619733132 39.79441288162214 85.21507340979707 29.99962558640792
89.79433150368736 28.367799448462762 83.59970240103438 16.412790229098256
116.83923098103395 32.686361011521484 80.83542160578659 77.77301790388888
104.81442637823768 82.95215766185297 34.75227875874898 53.82641207916705
101.85889084211581 30.901578732932062 95.28625619853865 18.462271124239287
98.4052873234166 26.047483227314892 90.45844830158043 28.67748806289049
