-474.99 -717.592 412.87 954.472
-12.4095 -250.566 -462.284 525.969
-246.284 -165.597 17.6266 297.303
91.9041 -141.064 -33.2783 171.618
-90.2416 -42.1089 8.92479 99.9818
29.0168 -79.5067 -15.1314 85.9782
1.07819 -122.75 -18.3301 124.115
-63.0852 -0.420113 12.0374 64.2248
-3.57283 -14.2179 -2.29556 14.8385
-2.52748 2.10184 1.67752 3.69053
-1.10272 -21.2537 12.1956 24.5289
-14.0851 -8.90998 -13.7344 21.5966
-121.386 -95.7483 0.295721 154.604
47.3559 -51.3055 -7.79976 70.2544
-41.9245 -36.4302 -22.4424 59.904
11.2941 -24.4079 19.3372 33.1245
-0.08458 -0.359697 0.0332585 0.371001
-0.0705742 0.051534 -0.048992 0.100183
2.47031 -5.1889 -0.444874 5.76411
-6.98074 -3.7696 -0.0125083 7.93352
-0.205042 -0.0747023 -0.0736478 0.230319
0.0463682 -0.240452 0.0575574 0.251555
-0.00322989 -0.00441575 -0.0378471 0.0382405
-0.0437739 -0.0889417 0.0330807 0.104504
-12.5243 -37.8566 -2.48434 39.9519
-3.11217 6.80247 0.899896 7.53452
-0.0103107 -0.00626823 -0.0106235 0.0160767
-0.00138867 -0.016947 0.00943711 0.0194471
-0.0209553 -0.160498 -0.0416935 0.167144
-0.0556088 0.00832555 0.0336604 0.0655338
0.626017 -0.154323 0.0431621 0.646201
-1.69711 -1.97386 -0.15199 2.60757
299.683 181.572 1302.83 1349.13
1583.21 -1075.56 -737.829 2051.28
31.209 -54.2982 12.0642 63.7797
24.8785 27.6689 4.7729 37.5139
48.7809 -21.9077 23.7962 58.5302
-8.30292 2.69119 -11.6569 14.5625
72.2908 -21.4879 -1.85181 75.4395
-16.4819 -5.01221 18.5987 25.3513
10.7417 -5.81487 -1.04199 12.259
-1.5449 1.44959 3.80129 4.35176
75.7774 -39.2288 -6.11869 85.5486
-12.1307 9.00674 25.2156 29.3956
8.64326 3.36629 4.8842 10.483
2.06846 -8.45128 -1.66847 8.85926
-0.0986587 -0.0523597 0.27143 0.293512
0.635538 -0.203219 -0.11018 0.676273
0.278795 0.210133 -0.476385 0.590614
0.780767 -0.713076 0.794863 1.32283
2.15348 -0.552315 2.03248 3.01223
0.327216 -0.625199 -1.28684 1.46762
0.621355 -1.11829 0.115087 1.28449
0.543213 0.565507 0.234953 0.818585
0.330024 -0.0102527 0.506457 0.604582
0.291583 -0.284806 -0.319617 0.517967
69.5718 -23.393 92.1382 117.8
37.7417 -27.5628 -59.9409 76.007
129.917 -16.5182 2.57217 130.988
-29.1717 -31.3189 27.6545 50.9572
-2.17034 5.46784 -1.53449 6.07966
18.8259 -13.3764 6.53164 24.0001
14.5396 0.579353 4.81029 15.3256
-2.23801 -6.42051 -1.11945 6.89092
-7.57789 6.66369 -3.78611 10.7779
-83.3483 75.0128 -38.3683 118.516
-85.981 77.1348 -39.6458 122.124
-2.90525 2.70929 -1.56283 4.26886
-14.9467 13.3498 -7.11892 21.2674
-18.4742 16.6712 -8.37537 26.2559
-152.789 136.827 -67.7189 215.99
-359.843 323.657 -169.943 512.954
-36.497 32.9218 -16.8236 51.951
-4.62869 4.02028 -2.24272 6.52819
-9.14259 8.42487 -4.52653 13.2308
-54.4583 48.706 -24.9595 77.2072
-10.8136 10.1327 -4.87712 15.601
-88.4219 79.0078 -41.1296 125.508
-33.5766 30.0116 -15.8538 47.7433
-20.7585 18.7962 -9.33657 29.5192
-48.2012 43.4636 -22.0971 68.5618
-12.3135 10.8952 -5.95824 17.4879
-31.173 27.3158 -14.5958 43.9425
-73.2671 66.4998 -33.8237 104.567
-8.55796 7.72652 -3.88849 12.1679
-6.04557 5.39142 -2.88187 8.59776
-8.66583 7.73953 -4.03583 12.2998
-1.39606 1.29879 -0.628979 2.00785
-18.7985 17.0256 -8.96361 26.8998
-18.5605 16.5326 -8.35646 26.2231
-0.0755173 0.0674065 -0.0349054 0.107074
-0.00831538 0.00785905 -0.00387187 0.012079
-0.0574131 0.0512324 -0.0269761 0.0815397
-0.0495443 0.0451504 -0.0226283 0.0707477
-0.10315 0.0922824 -0.0486041 0.146691
-0.0591959 0.0536593 -0.0267316 0.0842499
-5.0089 31.5033 13.0656 34.4711
-45.7651 362.961 154.793 397.235
-3.5882 29.6298 12.7092 32.4395
-3.20474 23.1484 9.75488 25.3234
-10.559 76.0185 31.9905 83.1486
-12.9784 106.843 45.8235 116.977
-7.76476 58.0366 24.9928 63.6646
-3.54065 29.8565 12.4147 32.528
-21.6097 166.807 70.2106 182.266
-4.52757 36.3381 16.2421 40.0595
-3.73948 32.2665 13.9136 35.3369
-9.58822 71.2061 30.125 77.9087
-10.3453 78.9098 34.2891 86.6575
-8.11437 64.5243 26.7448 70.3172
-29.6264 225.785 98.7383 248.205
-38.8127 305.973 127.546 333.757
-2.36381 18.5368 7.8847 20.2823
-0.0619793 0.304026 0.13326 0.337686
-0.0387173 0.351873 0.136134 0.379271
-0.820843 6.32592 2.70603 6.92919
-0.0239758 0.196726 0.0818413 0.214415
-0.0377114 0.287367 0.124147 0.3153
-0.0563267 0.406493 0.167012 0.44306
-0.172415 1.37354 0.589852 1.50475
-12.861 99.8412 42.8155 109.393
-1.31783 10.3239 4.0653 11.1735
-0.477838 3.70042 1.56257 4.04513
-0.0483122 0.387617 0.177093 0.428886
-0.0208811 0.150423 0.0659124 0.165553
-0.0469816 0.376851 0.158469 0.411505
-0.0647047 0.551002 0.222911 0.597895
-0.388273 2.9685 1.27482 3.25391
